0.000420
0.000437
0.000441
0.000449
0.000451
0.000456
0.000460
0.000460
0.000464
0.000466
0.000468
0.000471
0.000471
0.000471
0.000472
0.000474
0.000474
0.000476
0.000476
0.000476
0.000477
0.000477
0.000479
0.000479
0.000480
0.000480
0.000481
0.000482
0.000482
0.000483
0.000484
0.000484
0.000484
0.000484
0.000485
0.000486
0.000489
0.000489
0.000489
0.000489
0.000489
0.000490
0.000491
0.000491
0.000491
0.000491
0.000492
0.000492
0.000492
0.000492
0.000493
0.000494
0.000495
0.000495
0.000496
0.000499
0.000499
0.000499
0.000502
0.000502
0.000502
0.000503
0.000505
0.000505
0.000506
0.000509
0.000509
0.000510
0.000511
0.000513
0.000513
0.000514
0.000517
0.000517
0.000519
0.000523
0.000523
0.000524
0.000525
0.000526
0.000529
0.000533
0.000534
0.000534
0.000536
0.000536
0.000538
0.000547
0.000550
0.000551
0.000561
0.000563
0.000574
0.000575
0.000585
0.000586
0.000598
0.000619
0.000631
0.000645
