0.000317
0.000324
0.000329
0.000329
0.000329
0.000330
0.000331
0.000332
0.000332
0.000333
0.000333
0.000337
0.000338
0.000340
0.000342
0.000342
0.000343
0.000343
0.000343
0.000345
0.000348
0.000349
0.000349
0.000349
0.000350
0.000350
0.000351
0.000351
0.000352
0.000354
0.000356
0.000356
0.000356
0.000358
0.000358
0.000359
0.000359
0.000361
0.000361
0.000361
0.000361
0.000361
0.000361
0.000361
0.000362
0.000362
0.000363
0.000363
0.000364
0.000365
0.000365
0.000365
0.000366
0.000367
0.000367
0.000369
0.000370
0.000370
0.000371
0.000372
0.000372
0.000373
0.000374
0.000374
0.000374
0.000375
0.000376
0.000378
0.000379
0.000379
0.000381
0.000382
0.000383
0.000383
0.000386
0.000387
0.000388
0.000389
0.000390
0.000390
0.000392
0.000392
0.000392
0.000399
0.000400
0.000400
0.000400
0.000401
0.000406
0.000408
0.000410
0.000410
0.000411
0.000415
0.000416
0.000431
0.000438
0.000440
0.000454
0.000458
